21.32,6.80,-0.02,2,Sensor1
29.49,-4.40,-0.24,3,Sensor1
12.28,18.88,0.93,4,Sensor1
12.25,-3.49,0.52,5,Sensor3
18.45,23.78,-0.07,6,Sensor3
1.14,6.75,-0.29,7,Sensor1
4.92,7.61,0.31,8,Sensor2
-2.02,22.16,0.39,9,Sensor3
8.22,11.49,-0.48,10,Sensor1
17.99,24.23,0.27,11,Sensor3
-0.54,3.96,0.03,12,Sensor2
24.70,17.45,-0.77,13,Sensor3
9.27,5.37,-0.87,14,Sensor3
4.65,15.66,-0.48,15,Sensor2
21.21,-4.17,-0.63,16,Sensor3
-0.15,10.91,-0.67,17,Sensor2
14.52,0.41,-0.25,18,Sensor1
29.73,16.10,-0.56,19,Sensor3
24.52,-2.60,-0.35,20,Sensor3
10.86,-0.50,-0.27,21,Sensor3
7.77,18.08,0.15,22,Sensor3
7.06,10.67,-0.88,23,Sensor2
12.71,12.07,0.68,24,Sensor1
20.72,4.89,0.55,25,Sensor1
-3.90,10.14,0.13,26,Sensor2
-9.73,-3.08,-0.75,27,Sensor1
-6.21,21.14,0.41,28,Sensor2
-5.79,11.61,0.84,29,Sensor1
-9.79,2.55,0.31,30,Sensor2
13.76,1.13,0.48,31,Sensor1
24.18,2.63,0.85,32,Sensor3
15.84,12.64,0.18,33,Sensor1
-9.62,7.08,-0.41,34,Sensor1
-3.93,-0.37,0.66,35,Sensor1
-1.61,1.82,-0.70,36,Sensor3
17.58,4.37,-0.31,37,Sensor3
18.31,24.57,0.81,38,Sensor2
-7.29,-4.66,-0.42,39,Sensor3
20.57,14.14,-0.99,40,Sensor2
0.60,4.24,-0.74,41,Sensor3
4.94,2.34,0.99,42,Sensor2
-5.80,-4.90,-0.06,43,Sensor2
6.81,15.18,-0.58,44,Sensor1
20.87,24.88,0.14,45,Sensor1
24.26,5.00,0.65,46,Sensor1
14.52,7.35,0.12,47,Sensor1
-4.52,-1.80,-0.11,48,Sensor1
16.87,1.12,0.66,49,Sensor1
20.98,0.65,0.61,50,Sensor1
10.42,-2.54,0.28,51,Sensor2
17.03,7.65,-0.03,52,Sensor3
-4.54,15.10,-0.70,53,Sensor1
12.63,14.71,0.73,54,Sensor3
-2.92,14.63,0.33,55,Sensor2
2.73,6.04,-0.08,56,Sensor2
6.89,10.69,-0.85,57,Sensor3
0.10,15.70,-0.46,58,Sensor1
14.40,0.88,-0.56,59,Sensor2
9.52,19.41,0.40,60,Sensor3
5.32,11.81,0.19,61,Sensor1
11.67,0.06,0.57,62,Sensor3
15.28,-3.52,0.12,63,Sensor1
17.42,-4.22,-0.23,64,Sensor3
28.21,24.37,0.81,65,Sensor2
6.01,12.42,0.33,66,Sensor2
24.09,-1.92,-0.25,67,Sensor1
3.01,16.25,0.85,68,Sensor2
20.52,-1.28,-0.60,69,Sensor1
3.76,-1.29,0.23,70,Sensor3
-1.67,8.81,-0.32,71,Sensor2
-5.13,8.53,0.43,72,Sensor1
19.00,22.74,-0.04,73,Sensor2
-3.57,5.53,-0.74,74,Sensor3
-6.79,16.74,0.81,75,Sensor1
9.44,2.61,0.25,76,Sensor2
9.29,19.19,0.70,77,Sensor3
3.49,19.36,-0.03,78,Sensor2
5.81,13.79,0.83,79,Sensor2
18.13,4.57,0.59,80,Sensor2
-4.98,14.39,-0.62,81,Sensor3
2.33,21.72,-0.71,82,Sensor3
15.71,23.00,-0.87,83,Sensor1
12.48,23.80,0.98,84,Sensor1
-0.14,8.73,-0.38,85,Sensor2
27.30,0.56,-0.82,86,Sensor1
-2.75,18.25,-0.45,87,Sensor1
3.34,21.80,0.11,88,Sensor1
10.32,21.85,0.31,89,Sensor2
2.38,6.85,-0.38,90,Sensor2
-9.28,19.09,-0.06,91,Sensor2
25.09,12.21,0.10,92,Sensor1
27.47,21.80,-0.67,93,Sensor3
20.10,3.28,-0.04,94,Sensor2
24.71,11.80,-0.07,95,Sensor1
19.84,14.44,0.39,96,Sensor2
-9.21,5.58,-0.58,97,Sensor2
11.23,6.57,0.18,98,Sensor2
11.66,17.07,-0.80,99,Sensor1
13.65,5.70,0.50,100,Sensor1
14.81,6.97,0.57,101,Sensor1
15.82,17.94,0.42,102,Sensor1
25.90,7.74,0.59,103,Sensor1
2.37,4.11,-0.99,104,Sensor3
21.68,13.06,0.19,105,Sensor2
13.06,14.85,0.71,106,Sensor2
-8.39,22.36,-0.34,107,Sensor2
15.16,15.61,0.11,108,Sensor2
-2.02,7.92,-0.91,109,Sensor1
15.80,-4.66,0.99,110,Sensor1
-1.35,-4.27,-0.28,111,Sensor2
3.41,-4.93,0.62,112,Sensor1
-4.58,5.55,0.05,113,Sensor1
15.33,17.44,0.08,114,Sensor1
7.83,16.01,-0.42,115,Sensor2
21.10,-4.53,0.55,116,Sensor2
-0.16,20.28,-0.12,117,Sensor2
4.25,5.78,0.23,118,Sensor3
-9.83,14.00,0.09,119,Sensor1
7.44,1.48,-0.83,120,Sensor1
1.80,22.53,-0.42,121,Sensor3
-0.58,10.34,-0.65,122,Sensor2
8.13,5.80,-0.83,123,Sensor2
29.74,21.45,0.95,124,Sensor1
16.62,3.68,0.91,125,Sensor2
1.73,8.01,0.26,126,Sensor3
5.94,23.61,-0.41,127,Sensor1
-5.84,5.82,-0.32,128,Sensor1
-4.42,3.78,0.10,129,Sensor1
-3.20,4.74,0.25,130,Sensor1
-4.68,10.16,0.67,131,Sensor1
3.75,2.47,-0.43,132,Sensor1
2.10,13.96,0.55,133,Sensor3
5.27,20.90,0.36,134,Sensor1
-8.90,23.50,-0.01,135,Sensor2
-6.88,10.74,0.03,136,Sensor1
14.36,-4.71,0.55,137,Sensor2
16.09,3.61,0.34,138,Sensor2
-0.69,20.52,-0.74,139,Sensor3
23.70,10.03,-0.81,140,Sensor2
-6.47,12.09,0.38,141,Sensor2
-1.75,-3.78,-0.18,142,Sensor3
7.60,-1.02,-0.34,143,Sensor2
-9.78,17.13,-0.09,144,Sensor1
-4.54,-3.82,0.43,145,Sensor3
-9.18,9.23,0.96,146,Sensor2
-6.73,11.59,0.11,147,Sensor2
-2.52,-1.18,-0.94,148,Sensor1
27.85,7.52,0.85,149,Sensor3
7.90,18.50,-0.76,150,Sensor1
13.09,-3.84,-0.54,151,Sensor1
5.43,-1.16,-0.92,152,Sensor2
-4.06,21.93,0.10,153,Sensor1
7.68,18.06,0.78,154,Sensor1
24.54,7.91,-0.99,155,Sensor2
17.85,10.28,0.19,156,Sensor2
16.52,-3.70,-0.52,157,Sensor3
4.06,6.86,0.06,158,Sensor1
20.84,14.10,-0.80,159,Sensor3
13.91,5.54,0.82,160,Sensor2
28.09,13.80,-0.35,161,Sensor1
15.86,16.55,0.22,162,Sensor2
-7.72,0.72,-0.09,163,Sensor2
1.33,21.97,-0.53,164,Sensor1
2.36,8.68,-0.78,165,Sensor3
18.42,4.12,0.16,166,Sensor3
28.65,20.50,0.45,167,Sensor1
28.48,18.68,0.99,168,Sensor3
-0.38,12.94,-0.09,169,Sensor1
-2.56,16.39,-0.24,170,Sensor2
-4.14,-0.49,-0.42,171,Sensor2
-5.88,-2.81,0.90,172,Sensor1
1.78,15.28,-0.94,173,Sensor2
-1.41,1.75,-0.32,174,Sensor1
23.36,20.34,-0.65,175,Sensor1
18.10,19.00,0.58,176,Sensor2
27.44,22.39,-0.98,177,Sensor1
-0.19,11.21,-0.45,178,Sensor3
-3.85,7.75,0.72,179,Sensor2
-7.45,20.68,0.29,180,Sensor1
-6.53,5.90,-0.81,181,Sensor2
27.23,10.39,0.81,182,Sensor3
-0.86,17.22,0.99,183,Sensor1
20.26,8.15,0.12,184,Sensor2
12.42,11.43,-0.30,185,Sensor1
17.61,20.32,-0.70,186,Sensor2
-4.04,2.71,-0.93,187,Sensor1
29.17,-2.23,0.22,188,Sensor2
2.83,1.21,-0.57,189,Sensor3
16.13,10.75,0.19,190,Sensor2
-3.35,22.11,-0.81,191,Sensor2
1.65,3.95,-0.97,192,Sensor3
10.25,18.06,0.19,193,Sensor3
-9.92,8.92,-0.20,194,Sensor3
29.09,24.68,0.55,195,Sensor1
-1.60,16.66,-0.32,196,Sensor1
15.46,13.76,-0.78,197,Sensor3
-4.44,22.02,0.54,198,Sensor1
7.97,7.73,-0.92,199,Sensor2
-5.87,8.70,0.28,200,Sensor1
-6.67,23.77,0.61,201,Sensor2
6.01,17.64,0.83,202,Sensor1
14.09,20.73,0.62,203,Sensor3
-5.40,16.67,-0.20,204,Sensor2
16.19,2.71,-0.66,205,Sensor3
14.76,2.27,-0.69,206,Sensor2
5.49,19.31,0.04,207,Sensor1
26.04,15.84,-0.98,208,Sensor2
21.75,6.70,0.42,209,Sensor1
19.85,4.16,0.19,210,Sensor1
16.56,19.15,-0.99,211,Sensor3
20.12,17.47,-0.93,212,Sensor1
24.83,-1.33,-0.10,213,Sensor3
-1.76,13.02,-0.41,214,Sensor3
-1.17,4.04,0.89,215,Sensor3
13.80,5.54,0.04,216,Sensor3
25.39,18.39,-0.11,217,Sensor3
-8.52,-0.77,0.89,218,Sensor3
24.51,17.77,-0.82,219,Sensor1
20.20,19.43,0.73,220,Sensor1
-6.60,-0.66,-0.30,221,Sensor2
13.15,7.33,0.48,222,Sensor1
0.43,8.73,-0.12,223,Sensor2
-3.11,-2.73,-0.77,224,Sensor3
1.84,7.82,0.71,225,Sensor2
15.96,4.07,-0.29,226,Sensor3
2.38,2.65,0.14,227,Sensor2
4.33,13.42,0.86,228,Sensor2
19.31,3.94,-0.80,229,Sensor1
6.10,23.11,0.58,230,Sensor3
23.07,2.98,-0.11,231,Sensor1
22.52,13.69,0.03,232,Sensor1
-5.47,22.40,-0.83,233,Sensor2
5.39,23.07,0.41,234,Sensor3
11.48,20.66,-0.27,235,Sensor3
24.84,4.11,-0.12,236,Sensor1
15.77,14.82,0.15,237,Sensor2
25.50,15.17,-0.31,238,Sensor3
20.61,14.44,-0.69,239,Sensor1
26.16,-4.29,0.45,240,Sensor2
-5.07,3.75,-0.75,241,Sensor3
12.71,5.11,0.25,242,Sensor1
18.45,16.31,0.27,243,Sensor1
25.48,9.68,0.94,244,Sensor1
25.00,2.91,-0.19,245,Sensor2
-1.45,6.93,0.12,246,Sensor2
26.05,21.41,0.59,247,Sensor2
14.60,3.57,-0.72,248,Sensor1
-2.22,-2.89,-0.76,249,Sensor1
8.89,1.50,0.00,250,Sensor2
21.86,16.83,0.18,251,Sensor1
2.66,13.67,-0.90,252,Sensor1
6.91,13.12,-0.64,253,Sensor2
25.97,12.52,0.42,254,Sensor3
9.70,-1.14,-0.60,255,Sensor2
8.66,-4.91,-0.14,256,Sensor2
10.13,3.93,0.06,257,Sensor2
19.91,15.30,0.69,258,Sensor3
8.10,18.90,0.05,259,Sensor3
-9.25,15.82,-0.63,260,Sensor3
29.06,8.00,0.57,261,Sensor3
25.58,-0.22,-0.15,262,Sensor3
-2.66,8.92,-0.50,263,Sensor1
10.72,6.81,-0.26,264,Sensor3
27.25,1.58,0.30,265,Sensor1
0.70,3.57,0.26,266,Sensor2
6.97,20.75,-0.01,267,Sensor2
10.60,18.41,-0.77,268,Sensor2
29.14,13.74,-0.45,269,Sensor1
21.88,7.96,0.92,270,Sensor1
10.34,19.25,0.08,271,Sensor3
-1.59,16.14,-0.99,272,Sensor3
26.20,16.56,0.12,273,Sensor2
-4.26,21.95,0.84,274,Sensor1
5.37,8.56,-0.37,275,Sensor3
15.18,4.41,0.18,276,Sensor1
-2.84,2.12,0.22,277,Sensor3
29.92,0.67,-0.44,278,Sensor2
6.39,22.22,-0.13,279,Sensor2
23.58,3.16,0.24,280,Sensor2
8.84,24.46,0.79,281,Sensor3
25.46,17.82,-0.12,282,Sensor1
14.84,0.49,-0.88,283,Sensor3
-9.86,-3.97,0.61,284,Sensor3
9.85,5.57,-0.38,285,Sensor3
-6.28,9.22,-0.41,286,Sensor1
10.42,-4.47,0.01,287,Sensor3
2.72,3.95,-0.88,288,Sensor1
12.48,4.09,-0.08,289,Sensor3
9.38,14.82,-0.38,290,Sensor1
11.71,-2.80,0.52,291,Sensor3
14.76,22.32,0.29,292,Sensor2
18.31,19.96,-0.33,293,Sensor3
-7.82,0.94,0.98,294,Sensor2
3.99,2.95,-0.69,295,Sensor1
-6.80,15.05,-0.19,296,Sensor2
9.49,16.26,0.35,297,Sensor3
21.22,-3.33,0.33,298,Sensor3
25.09,5.02,-0.57,299,Sensor2
0.63,4.18,0.48,300,Sensor1
7.10,22.85,-0.49,301,Sensor3
10.12,1.00,-0.47,302,Sensor3
10.80,23.57,-0.76,303,Sensor3
12.10,-3.40,-0.59,304,Sensor3
14.95,17.31,0.29,305,Sensor2
-8.54,16.22,-1.00,306,Sensor1
7.88,15.37,0.50,307,Sensor1
-0.91,16.31,-0.10,308,Sensor2
-6.86,13.89,0.84,309,Sensor2
-8.59,14.73,-0.40,310,Sensor2
22.52,11.52,0.30,311,Sensor3
-4.62,18.83,0.47,312,Sensor2
-8.37,21.63,0.43,313,Sensor1
7.40,1.58,-0.82,314,Sensor3
-1.56,-3.03,0.29,315,Sensor2
-1.38,14.55,0.00,316,Sensor2
-5.63,5.82,0.20,317,Sensor2
3.13,14.63,0.28,318,Sensor3
-0.80,2.48,-0.78,319,Sensor1
17.27,4.00,-0.79,320,Sensor1
-9.19,7.56,0.62,321,Sensor1
0.63,13.40,0.28,322,Sensor1
0.69,21.71,0.93,323,Sensor1
-7.80,8.90,0.47,324,Sensor2
-0.11,24.43,-0.82,325,Sensor2
5.89,5.06,-0.26,326,Sensor1
0.05,20.28,-0.87,327,Sensor1
-9.59,18.61,-0.57,328,Sensor3
0.51,11.73,-0.08,329,Sensor2
0.89,21.94,0.47,330,Sensor1
9.29,15.28,0.18,331,Sensor3
25.30,23.91,-0.13,332,Sensor3
16.04,20.62,0.93,333,Sensor3
27.71,19.55,0.90,334,Sensor2
20.67,18.08,0.83,335,Sensor3
19.30,11.66,0.13,336,Sensor1
2.54,6.35,-0.65,337,Sensor3
-7.15,5.74,-0.81,338,Sensor2
-3.15,8.63,0.48,339,Sensor1
-2.10,13.88,-0.47,340,Sensor1
5.48,-3.80,-0.18,341,Sensor3
-5.83,17.05,-0.87,342,Sensor3
0.62,18.20,-0.98,343,Sensor2
18.41,15.43,0.08,344,Sensor1
18.00,13.12,-0.66,345,Sensor1
21.72,21.92,-0.19,346,Sensor1
29.29,6.24,0.32,347,Sensor1
11.97,22.68,-0.52,348,Sensor3
-8.76,19.66,-0.82,349,Sensor1
2.78,-3.86,0.21,350,Sensor3
2.15,13.49,0.81,351,Sensor1
19.75,6.83,-0.56,352,Sensor2
8.75,18.77,-0.65,353,Sensor1
-5.20,-3.52,0.37,354,Sensor1
1.43,20.52,-0.30,355,Sensor1
5.22,10.99,0.39,356,Sensor1
-8.29,6.97,-0.20,357,Sensor2
26.56,-1.82,-0.85,358,Sensor1
15.85,0.02,-0.70,359,Sensor1
-0.49,2.84,0.38,360,Sensor2
27.84,3.38,0.48,361,Sensor3
9.10,1.51,-0.04,362,Sensor1
-4.96,8.56,0.25,363,Sensor3
15.45,-4.32,-0.21,364,Sensor1
18.67,0.46,-0.07,365,Sensor2
16.89,-2.17,-0.49,366,Sensor3
-5.64,0.07,0.51,367,Sensor3
-2.67,10.80,0.56,368,Sensor3
17.04,12.79,0.80,369,Sensor3
-8.25,1.53,-0.07,370,Sensor2
-9.64,21.19,0.04,371,Sensor3
-0.70,17.20,-0.63,372,Sensor3
3.07,0.34,-0.66,373,Sensor3
-2.21,5.95,0.42,374,Sensor2
25.05,13.79,-0.38,375,Sensor3
4.96,5.55,0.37,376,Sensor1
11.33,6.39,0.35,377,Sensor2
14.31,18.02,0.74,378,Sensor1
2.54,23.87,0.85,379,Sensor2
-2.25,7.93,0.27,380,Sensor1
5.88,10.63,-0.04,381,Sensor1
3.25,12.35,-0.01,382,Sensor3
3.25,11.57,-0.27,383,Sensor2
9.75,24.73,-0.04,384,Sensor3
27.38,12.41,0.50,385,Sensor1
24.65,24.30,0.47,386,Sensor3
15.27,5.40,0.63,387,Sensor3
26.02,18.80,-0.30,388,Sensor1
3.20,-4.99,-0.82,389,Sensor2
5.41,13.23,0.31,390,Sensor2
2.22,21.00,-0.45,391,Sensor2
-0.28,12.60,0.26,392,Sensor3
12.38,-4.45,-0.56,393,Sensor1
17.27,7.11,0.94,394,Sensor3
0.81,5.64,0.86,395,Sensor2
13.59,14.64,-0.13,396,Sensor2
20.76,15.28,-0.46,397,Sensor3
9.73,4.76,0.42,398,Sensor1
23.56,-1.06,-0.85,399,Sensor2
6.01,-2.49,0.81,400,Sensor2
-6.28,4.35,0.31,401,Sensor2
6.00,11.46,0.33,402,Sensor2
-9.32,22.44,0.22,403,Sensor1
-4.65,20.58,-0.10,404,Sensor1
16.44,6.23,-0.41,405,Sensor3
17.27,1.02,-0.08,406,Sensor2
19.12,5.14,-0.44,407,Sensor3
8.32,-2.15,0.59,408,Sensor3
23.13,22.74,0.75,409,Sensor3
7.68,11.35,0.91,410,Sensor2
12.67,21.05,0.29,411,Sensor1
1.19,23.41,0.16,412,Sensor2
6.83,2.65,0.93,413,Sensor3
26.90,9.58,0.44,414,Sensor1
-5.16,-3.84,-0.52,415,Sensor1
10.41,4.14,0.88,416,Sensor2
25.29,9.75,-0.16,417,Sensor3
14.96,7.07,0.24,418,Sensor3
23.16,24.37,-0.36,419,Sensor3
15.97,21.06,-0.71,420,Sensor3
-6.72,-0.93,-0.15,421,Sensor1
11.52,10.35,0.77,422,Sensor1
3.49,8.10,0.92,423,Sensor2
0.65,-2.73,-0.46,424,Sensor2
-0.40,1.35,-0.41,425,Sensor2
24.34,10.17,-0.19,426,Sensor1
19.99,24.23,0.55,427,Sensor2
17.39,2.71,0.24,428,Sensor1
27.57,22.15,-0.16,429,Sensor2
-9.01,9.05,-0.31,430,Sensor1
-9.10,9.41,-0.47,431,Sensor2
-3.52,0.59,0.36,432,Sensor3
-2.11,22.03,-0.16,433,Sensor2
21.08,11.84,-0.59,434,Sensor2
8.62,8.60,-0.66,435,Sensor1
19.81,3.60,0.26,436,Sensor2
19.64,5.75,0.18,437,Sensor3
-3.92,7.29,0.93,438,Sensor2
10.09,10.43,-0.23,439,Sensor1
0.67,-0.54,0.04,440,Sensor2
-3.71,15.50,0.84,441,Sensor1
-9.98,11.67,0.72,442,Sensor3
15.43,2.75,0.21,443,Sensor2
1.81,2.68,0.52,444,Sensor1
20.04,15.99,0.61,445,Sensor2
26.44,2.96,-0.42,446,Sensor3
21.54,5.23,0.88,447,Sensor1
19.46,16.80,0.08,448,Sensor2
1.44,-4.00,-0.34,449,Sensor3
3.19,8.84,0.69,450,Sensor1
0.67,-4.41,-0.56,451,Sensor3
8.26,9.05,0.18,452,Sensor1
7.48,3.40,-0.46,453,Sensor1
15.39,-2.77,-0.87,454,Sensor3
27.12,8.97,0.09,455,Sensor1
25.57,1.11,-0.88,456,Sensor3
27.20,5.08,0.07,457,Sensor2
-9.91,2.71,-0.03,458,Sensor2
8.16,-4.94,0.31,459,Sensor1
2.50,5.55,-0.99,460,Sensor1
2.39,-4.21,0.06,461,Sensor3
1.49,22.10,-0.51,462,Sensor1
13.14,11.79,0.61,463,Sensor3
25.48,10.18,-0.35,464,Sensor2
18.75,3.17,-0.10,465,Sensor1
17.62,15.96,-0.64,466,Sensor3
-7.66,12.67,-0.25,467,Sensor3
-5.92,20.80,-0.71,468,Sensor3
3.38,23.84,0.99,469,Sensor1
28.36,4.61,-0.80,470,Sensor1
10.05,1.91,-0.48,471,Sensor3
-8.56,13.56,0.90,472,Sensor3
-5.03,2.99,0.57,473,Sensor2
13.58,22.47,-0.92,474,Sensor3
26.12,-2.91,-0.46,475,Sensor3
-1.03,0.64,-0.88,476,Sensor1
-3.45,-2.20,0.02,477,Sensor2
13.18,1.77,-0.14,478,Sensor3
5.87,19.71,0.54,479,Sensor1
8.37,15.04,-0.75,480,Sensor1
16.07,19.78,0.07,481,Sensor3
19.27,17.07,-0.75,482,Sensor3
18.35,22.89,0.72,483,Sensor3
6.17,23.78,-0.44,484,Sensor1
2.36,14.22,-0.54,485,Sensor2
-7.21,7.22,0.20,486,Sensor2
28.86,21.61,-0.85,487,Sensor3
-3.44,6.27,-0.42,488,Sensor2
3.03,23.04,0.78,489,Sensor1
-1.23,8.63,0.90,490,Sensor1
22.05,23.23,0.79,491,Sensor2
13.17,-0.58,0.27,492,Sensor2
-9.90,10.56,-0.01,493,Sensor1
26.68,13.90,0.00,494,Sensor2
-5.74,11.72,-0.04,495,Sensor3
2.74,14.60,-0.22,496,Sensor2
14.07,1.86,0.91,497,Sensor2
10.45,15.93,-0.54,498,Sensor1
9.94,-1.05,-0.61,499,Sensor1
5.98,19.69,-0.03,500,Sensor1
29.18,9.38,0.68,501,Sensor2
-7.15,10.95,0.72,502,Sensor1
-4.53,19.38,-0.67,503,Sensor3
-2.47,-1.56,0.13,504,Sensor2
18.94,16.25,0.89,505,Sensor3
28.91,17.29,-0.86,506,Sensor1
29.43,-2.99,-0.80,507,Sensor3
29.72,-1.33,-0.87,508,Sensor2
19.83,7.17,0.10,509,Sensor2
22.54,20.55,0.30,510,Sensor3
11.98,3.05,0.20,511,Sensor2
25.76,8.22,0.95,512,Sensor3
11.62,8.26,0.78,513,Sensor2
-4.62,20.21,0.26,514,Sensor3
27.94,4.81,-0.69,515,Sensor3
27.57,10.99,0.75,516,Sensor2
27.66,11.81,-0.63,517,Sensor1
1.23,10.34,0.54,518,Sensor2
3.47,23.12,-0.87,519,Sensor3
-9.42,5.71,0.87,520,Sensor2
-3.25,-1.71,0.45,521,Sensor3
9.85,1.79,0.49,522,Sensor3
17.58,5.15,0.60,523,Sensor2
-9.57,-2.38,0.11,524,Sensor1
22.17,12.41,0.84,525,Sensor2
-4.41,-3.10,0.17,526,Sensor1
29.52,13.85,0.98,527,Sensor3
21.54,6.62,0.26,528,Sensor2
8.05,4.70,0.09,529,Sensor3
11.24,19.30,-0.87,530,Sensor3
20.67,9.98,0.49,531,Sensor3
0.08,17.24,0.71,532,Sensor2
-4.93,2.63,0.01,533,Sensor3
26.38,9.53,0.83,534,Sensor1
19.03,9.74,-0.34,535,Sensor3
14.93,0.04,-0.05,536,Sensor3
19.59,3.95,0.53,537,Sensor3
25.93,16.99,0.79,538,Sensor3
25.14,15.56,0.47,539,Sensor1
10.41,0.98,-0.08,540,Sensor2
20.85,5.03,0.54,541,Sensor3
-0.48,17.47,-0.35,542,Sensor3
5.42,-0.89,0.71,543,Sensor2
27.84,11.59,-0.54,544,Sensor1
10.33,3.79,0.33,545,Sensor3
4.48,20.73,-0.31,546,Sensor3
23.20,19.82,-0.77,547,Sensor2
4.34,1.56,0.33,548,Sensor2
1.02,-0.10,0.84,549,Sensor3
6.22,-0.74,0.98,550,Sensor1
15.32,5.15,0.32,551,Sensor3
9.71,18.14,-0.75,552,Sensor1
-5.61,0.15,-0.93,553,Sensor3
-4.08,-1.39,-0.50,554,Sensor2
6.93,-4.15,0.69,555,Sensor1
8.18,-3.59,0.39,556,Sensor2
4.36,5.06,-0.36,557,Sensor1
4.55,4.81,-0.76,558,Sensor1
1.56,15.64,0.57,559,Sensor3
-3.45,2.93,-0.67,560,Sensor2
2.18,4.45,-0.81,561,Sensor1
27.08,4.02,0.98,562,Sensor3
19.08,7.09,0.98,563,Sensor2
-4.16,6.34,-0.48,564,Sensor3
-5.45,22.30,0.26,565,Sensor2
-5.20,-3.85,-0.78,566,Sensor3
1.00,7.54,0.74,567,Sensor1
-7.35,5.35,-0.10,568,Sensor1
4.78,0.90,-0.86,569,Sensor1
12.79,20.90,0.53,570,Sensor1
0.00,2.23,0.00,571,Sensor3
18.47,-0.63,0.28,572,Sensor2
13.97,2.92,-0.66,573,Sensor2
20.60,5.72,0.19,574,Sensor3
13.70,24.92,-0.87,575,Sensor3
17.52,24.20,0.78,576,Sensor3
27.44,21.13,-0.91,577,Sensor3
27.73,17.19,0.11,578,Sensor1
6.61,23.84,0.73,579,Sensor2
28.35,15.40,-0.77,580,Sensor3
-3.68,21.72,0.14,581,Sensor1
25.38,4.94,-0.49,582,Sensor2
5.99,4.51,-0.19,583,Sensor1
25.56,20.96,0.61,584,Sensor2
24.64,10.01,0.83,585,Sensor1
-8.97,8.12,0.24,586,Sensor2
4.51,24.30,0.63,587,Sensor3
1.61,9.44,-0.57,588,Sensor2
-4.70,22.85,-0.27,589,Sensor1
25.92,13.65,0.62,590,Sensor1
28.41,13.20,0.23,591,Sensor3
23.51,5.96,-1.00,592,Sensor3
12.46,-1.96,0.58,593,Sensor3
-8.98,21.20,0.77,594,Sensor2
10.22,10.48,0.82,595,Sensor3
8.44,4.87,-0.89,596,Sensor3
-3.24,19.78,0.35,597,Sensor2
4.89,-0.62,0.31,598,Sensor3
28.37,9.25,0.70,599,Sensor1
3.09,12.15,-0.58,600,Sensor2
7.63,16.40,-0.87,601,Sensor2
21.70,20.43,-0.10,602,Sensor3
29.03,21.22,0.72,603,Sensor2
22.55,13.99,0.44,604,Sensor1
3.43,6.13,-0.98,605,Sensor1
20.49,23.10,0.39,606,Sensor3
-8.36,17.12,-0.11,607,Sensor2
1.78,15.91,0.97,608,Sensor2
12.54,21.45,-0.82,609,Sensor3
-4.12,12.65,-0.88,610,Sensor1
18.80,-3.73,-0.96,611,Sensor3
22.87,11.60,0.43,612,Sensor3
28.39,18.79,0.84,613,Sensor3
15.51,17.40,-0.30,614,Sensor3
14.58,2.68,-0.56,615,Sensor1
1.71,18.71,-0.23,616,Sensor3
-4.87,7.92,-0.83,617,Sensor1
19.18,13.95,0.73,618,Sensor3
15.31,-3.23,0.22,619,Sensor1
7.32,2.89,-0.94,620,Sensor3
24.36,7.06,-0.02,621,Sensor1
29.14,11.43,0.64,622,Sensor1
23.74,16.10,-0.55,623,Sensor1
13.83,9.32,-0.08,624,Sensor1
22.44,-3.37,0.73,625,Sensor1
-6.18,0.89,-0.87,626,Sensor2
-6.36,7.71,-0.16,627,Sensor3
6.38,19.03,0.07,628,Sensor1
28.88,-3.00,-0.33,629,Sensor2
14.56,1.44,-0.63,630,Sensor1
24.78,12.43,-0.71,631,Sensor2
2.10,14.19,-0.91,632,Sensor1
20.31,14.43,-0.28,633,Sensor1
25.02,1.91,-0.81,634,Sensor1
24.42,24.10,-0.64,635,Sensor2
24.88,-0.46,-0.37,636,Sensor3
21.98,-2.41,-0.97,637,Sensor2
28.76,12.36,0.02,638,Sensor1
14.86,1.66,-0.61,639,Sensor1
27.72,8.86,-0.28,640,Sensor1
17.87,-1.06,0.20,641,Sensor1
23.07,2.21,-0.74,642,Sensor2
17.63,15.61,0.32,643,Sensor3
27.04,5.71,0.40,644,Sensor3
25.39,21.08,0.23,645,Sensor3
-6.33,7.18,0.03,646,Sensor2
2.16,12.00,0.65,647,Sensor2
-2.45,18.93,0.40,648,Sensor3
3.94,2.50,0.28,649,Sensor2
25.84,-4.48,-0.88,650,Sensor3
19.95,8.70,-0.65,651,Sensor1
21.45,-4.77,-0.73,652,Sensor1
19.66,-1.52,-0.89,653,Sensor1
19.88,0.76,-0.57,654,Sensor3
15.20,2.63,-0.06,655,Sensor3
26.77,2.43,0.10,656,Sensor1
10.30,-4.05,-0.52,657,Sensor1
9.91,20.00,-0.04,658,Sensor3
21.11,20.64,-0.50,659,Sensor1
8.27,13.55,0.49,660,Sensor2
-3.81,16.83,0.71,661,Sensor2
0.48,16.95,0.51,662,Sensor1
6.86,11.05,-0.02,663,Sensor3
28.84,1.62,-0.96,664,Sensor3
21.36,4.82,0.28,665,Sensor2
25.86,18.18,-0.32,666,Sensor3
6.37,20.03,-0.50,667,Sensor1
12.84,12.86,0.05,668,Sensor2
21.56,17.17,-0.87,669,Sensor3
13.97,-0.75,0.40,670,Sensor3
22.91,11.62,-0.39,671,Sensor2
18.73,1.58,0.92,672,Sensor3
-6.25,3.91,0.02,673,Sensor3
-6.03,-0.22,-0.62,674,Sensor1
24.52,13.29,0.47,675,Sensor1
-1.34,17.52,0.66,676,Sensor1
-0.84,20.44,0.33,677,Sensor3
20.71,20.14,-0.80,678,Sensor2
-1.86,24.32,-0.93,679,Sensor1
15.20,1.56,0.36,680,Sensor2
20.76,24.89,-0.38,681,Sensor1
19.37,12.14,0.09,682,Sensor3
10.31,13.45,0.45,683,Sensor2
-2.01,0.46,0.01,684,Sensor2
11.73,10.97,0.62,685,Sensor3
-9.78,2.64,-0.66,686,Sensor2
-6.42,2.67,0.80,687,Sensor1
4.40,11.87,-0.32,688,Sensor1
22.48,4.82,-0.93,689,Sensor3
2.58,-0.57,-0.07,690,Sensor1
29.00,-0.14,0.99,691,Sensor2
-8.22,21.95,0.48,692,Sensor1
19.51,17.14,-0.01,693,Sensor2
21.42,-2.37,-0.90,694,Sensor2
14.62,6.69,0.03,695,Sensor1
26.95,-3.72,-0.80,696,Sensor3
-8.38,6.55,-0.94,697,Sensor2
15.21,6.96,-0.59,698,Sensor2
-0.91,17.19,0.33,699,Sensor2
-1.61,-2.84,-0.97,700,Sensor1
-9.69,7.44,-0.70,701,Sensor3
-0.09,21.82,-0.20,702,Sensor2
-4.17,22.85,-0.98,703,Sensor2
27.66,9.06,0.76,704,Sensor3
-3.01,20.34,0.43,705,Sensor2
12.99,17.33,-0.16,706,Sensor3
18.34,18.38,-0.47,707,Sensor3
14.98,6.96,-0.09,708,Sensor1
6.96,1.50,0.14,709,Sensor3
8.58,23.33,0.38,710,Sensor1
18.45,0.19,0.83,711,Sensor1
-1.11,14.67,-0.92,712,Sensor2
3.29,17.27,-0.40,713,Sensor3
27.63,1.91,0.54,714,Sensor2
11.85,1.69,-0.59,715,Sensor1
27.32,11.08,0.23,716,Sensor3
15.68,10.87,0.52,717,Sensor3
7.12,12.91,-0.45,718,Sensor3
23.54,15.76,-0.91,719,Sensor1
7.82,22.68,0.76,720,Sensor2
7.06,-3.94,0.36,721,Sensor1
1.47,2.24,-0.13,722,Sensor1
14.66,14.70,-0.77,723,Sensor1
-4.90,11.15,-0.71,724,Sensor3
3.17,8.67,0.79,725,Sensor1
-4.30,13.48,0.93,726,Sensor1
11.00,23.05,-0.75,727,Sensor2
0.71,7.44,0.81,728,Sensor2
10.12,18.65,-0.23,729,Sensor2
10.19,-0.27,-0.13,730,Sensor2
3.54,-2.84,0.39,731,Sensor1
8.80,3.29,-0.34,732,Sensor2
15.86,20.02,-0.89,733,Sensor3
-1.98,15.09,0.20,734,Sensor3
20.34,6.63,-0.18,735,Sensor1
16.52,22.95,-0.15,736,Sensor3
16.41,6.20,0.70,737,Sensor2
-5.47,14.02,-0.60,738,Sensor2
29.73,10.54,0.34,739,Sensor3
4.91,2.94,-0.39,740,Sensor2
6.79,19.47,0.03,741,Sensor1
-1.88,18.97,-0.91,742,Sensor2
9.33,7.35,-0.93,743,Sensor1
-7.50,23.04,-0.92,744,Sensor1
26.92,6.37,0.93,745,Sensor2
11.47,4.19,0.67,746,Sensor2
27.38,-4.97,0.17,747,Sensor1
-1.23,-1.97,0.98,748,Sensor1
16.98,4.16,0.17,749,Sensor1
26.55,23.41,-0.31,750,Sensor1
13.97,21.08,-0.11,751,Sensor1
9.35,3.24,0.54,752,Sensor3
16.96,-3.73,-0.66,753,Sensor1
6.01,-1.35,0.18,754,Sensor1
2.80,2.82,0.29,755,Sensor2
22.81,20.79,-0.02,756,Sensor1
2.02,1.19,-0.18,757,Sensor2
22.35,-4.06,0.29,758,Sensor1
9.12,15.22,-0.01,759,Sensor3
-6.36,20.05,0.58,760,Sensor1
6.16,18.19,-0.81,761,Sensor3
1.86,12.72,-0.96,762,Sensor2
18.00,-1.79,0.71,763,Sensor1
17.60,11.98,-0.54,764,Sensor3
5.20,5.10,-0.24,765,Sensor3
-3.16,13.44,-0.11,766,Sensor1
6.92,13.61,0.05,767,Sensor2
-3.09,0.43,-0.77,768,Sensor2
8.45,24.42,-0.53,769,Sensor3
17.18,-3.16,0.98,770,Sensor2
13.66,-2.38,-0.38,771,Sensor3
11.67,21.63,0.84,772,Sensor2
-6.27,5.58,-0.11,773,Sensor2
14.33,15.91,0.47,774,Sensor1
28.78,9.06,-0.84,775,Sensor2
27.22,21.11,-0.70,776,Sensor1
21.19,16.26,-0.27,777,Sensor2
25.41,17.29,0.58,778,Sensor1
0.11,24.43,0.94,779,Sensor3
8.78,13.62,0.90,780,Sensor3
9.82,23.66,-0.94,781,Sensor1
-3.47,-4.89,0.48,782,Sensor3
-4.48,-3.65,-0.11,783,Sensor1
5.78,4.34,0.29,784,Sensor3
6.87,10.82,-0.16,785,Sensor1
18.72,12.11,-0.56,786,Sensor1
9.39,22.25,-0.65,787,Sensor3
9.14,21.74,0.65,788,Sensor1
5.45,3.83,0.75,789,Sensor1
-6.08,20.39,0.53,790,Sensor2
26.88,19.98,-0.43,791,Sensor2
14.62,14.26,-0.82,792,Sensor3
-0.51,6.28,0.58,793,Sensor3
16.24,18.21,-0.96,794,Sensor2
1.03,23.86,-0.52,795,Sensor2
4.23,2.49,0.51,796,Sensor3
-4.64,7.23,0.26,797,Sensor3
9.16,13.30,0.57,798,Sensor3
7.18,6.88,0.28,799,Sensor3
25.45,6.33,-0.58,800,Sensor2
6.32,19.94,0.27,801,Sensor2
4.43,14.68,0.66,802,Sensor2
21.57,15.04,-0.65,803,Sensor1
9.30,20.57,-0.26,804,Sensor1
19.92,19.20,0.39,805,Sensor1
12.70,15.77,0.02,806,Sensor2
14.61,16.04,0.12,807,Sensor2
24.09,20.90,0.69,808,Sensor3
27.82,11.21,0.92,809,Sensor1
14.87,-0.02,0.09,810,Sensor2
18.08,-4.44,0.22,811,Sensor2
-0.60,12.06,0.16,812,Sensor1
4.00,-4.15,0.90,813,Sensor3
-7.88,-2.06,-0.30,814,Sensor3
2.62,-0.92,-0.68,815,Sensor3
0.18,6.63,-0.15,816,Sensor3
-9.17,-3.00,-0.18,817,Sensor2
14.44,4.54,-0.68,818,Sensor1
-2.69,4.00,0.03,819,Sensor3
7.89,-1.01,0.09,820,Sensor1
25.70,23.09,-0.51,821,Sensor2
-4.23,0.12,0.19,822,Sensor3
2.19,17.12,0.78,823,Sensor2
23.33,3.08,-0.87,824,Sensor2
29.43,9.54,-0.35,825,Sensor1
9.68,18.57,-0.56,826,Sensor3
6.74,7.58,0.45,827,Sensor1
26.53,12.01,0.76,828,Sensor2
-8.51,10.06,-0.94,829,Sensor2
-0.42,8.88,-0.79,830,Sensor2
16.77,5.31,-0.50,831,Sensor3
-7.11,14.18,-0.20,832,Sensor2
-4.42,16.26,-0.53,833,Sensor2
9.88,17.77,0.29,834,Sensor1
20.08,20.43,-0.96,835,Sensor1
14.40,1.61,0.97,836,Sensor2
5.07,22.66,-0.42,837,Sensor2
7.86,17.07,-0.38,838,Sensor2
29.27,2.62,0.73,839,Sensor1
6.12,9.84,-0.01,840,Sensor3
-7.84,23.51,0.11,841,Sensor2
25.93,22.62,0.71,842,Sensor3
-7.99,23.07,-0.60,843,Sensor3
1.35,16.59,-0.76,844,Sensor1
23.96,6.39,0.40,845,Sensor3
3.45,2.35,0.58,846,Sensor2
5.58,14.93,0.63,847,Sensor3
26.65,-2.22,0.14,848,Sensor1
21.29,22.18,0.02,849,Sensor1
5.27,-0.75,-0.12,850,Sensor1
7.16,-4.82,0.94,851,Sensor2
8.39,12.97,-0.17,852,Sensor3
9.69,19.58,0.45,853,Sensor2
8.76,19.76,0.44,854,Sensor2
22.90,8.67,-0.91,855,Sensor3
3.53,8.24,-0.82,856,Sensor1
17.61,20.23,0.52,857,Sensor2
1.14,7.49,0.68,858,Sensor3
-5.00,20.56,0.28,859,Sensor2
-7.16,-1.59,-0.22,860,Sensor1
22.29,-1.53,-0.98,861,Sensor3
-4.61,10.00,0.95,862,Sensor3
-7.61,6.76,0.44,863,Sensor3
29.30,12.53,0.66,864,Sensor1
23.69,9.36,-0.55,865,Sensor2
24.68,18.81,0.77,866,Sensor2
21.26,-4.82,-0.39,867,Sensor2
7.71,-3.25,0.73,868,Sensor2
15.00,21.18,0.83,869,Sensor3
24.12,22.20,-0.28,870,Sensor3
4.27,8.15,-0.29,871,Sensor3
-9.93,19.26,0.86,872,Sensor3
14.35,16.13,-0.56,873,Sensor2
10.54,18.37,0.43,874,Sensor1
28.44,19.80,0.17,875,Sensor2
3.12,21.67,0.22,876,Sensor1
7.32,3.50,-0.49,877,Sensor2
18.92,-4.40,-0.77,878,Sensor3
-6.89,1.29,0.85,879,Sensor3
-1.63,24.03,0.15,880,Sensor1
-1.51,-2.51,0.25,881,Sensor2
16.17,8.86,-0.72,882,Sensor1
-3.48,12.78,-0.96,883,Sensor3
24.92,9.68,-0.55,884,Sensor2
7.49,22.50,-0.11,885,Sensor2
-9.10,12.28,0.58,886,Sensor3
24.90,13.13,0.18,887,Sensor2
-2.24,7.43,-0.02,888,Sensor2
-6.25,-2.31,0.87,889,Sensor1
16.26,15.48,0.13,890,Sensor1
11.43,-2.24,-0.34,891,Sensor1
-8.01,-0.14,0.58,892,Sensor3
16.20,21.50,-0.64,893,Sensor2
-3.44,-1.22,-0.16,894,Sensor1
11.08,18.44,0.38,895,Sensor1
-6.08,9.11,-0.50,896,Sensor3
12.13,15.94,-0.86,897,Sensor2
1.92,18.53,-0.22,898,Sensor3
13.35,22.71,-0.50,899,Sensor1
-7.01,7.67,-0.22,900,Sensor2
-1.79,3.61,0.88,901,Sensor2
10.58,15.63,-0.20,902,Sensor1
7.83,21.45,0.39,903,Sensor2
-0.77,17.58,-0.40,904,Sensor2
19.90,10.09,-0.85,905,Sensor3
12.32,-0.42,-0.95,906,Sensor3
14.39,19.55,-0.45,907,Sensor3
11.79,-4.39,0.99,908,Sensor2
18.11,11.46,-0.84,909,Sensor2
-0.14,9.18,-0.28,910,Sensor3
24.50,12.42,-0.09,911,Sensor3
13.96,23.52,0.13,912,Sensor3
-9.43,6.96,-0.64,913,Sensor3
8.59,15.38,0.93,914,Sensor3
-8.03,23.58,-0.85,915,Sensor3
4.64,4.77,0.02,916,Sensor1
10.51,9.86,0.87,917,Sensor2
20.84,5.72,0.81,918,Sensor2
-9.27,14.06,-0.35,919,Sensor1
-6.71,5.60,-0.71,920,Sensor3
-4.90,-1.02,0.12,921,Sensor3
29.33,10.32,0.13,922,Sensor3
9.05,17.13,0.49,923,Sensor3
7.96,0.67,0.69,924,Sensor3
5.65,15.38,0.91,925,Sensor1
3.78,-0.26,0.71,926,Sensor2
17.81,6.81,-0.40,927,Sensor1
-6.17,20.26,0.93,928,Sensor3
-9.77,15.33,0.86,929,Sensor3
29.66,14.25,-0.79,930,Sensor1
-4.94,15.75,-0.29,931,Sensor3
22.96,21.35,-0.30,932,Sensor1
11.54,17.06,0.06,933,Sensor2
-9.41,10.06,0.29,934,Sensor2
-6.69,13.69,0.99,935,Sensor3
7.91,9.09,0.86,936,Sensor3
5.72,2.35,0.77,937,Sensor2
26.84,9.04,0.88,938,Sensor1
23.36,21.76,-0.59,939,Sensor2
2.42,23.58,-0.80,940,Sensor3
4.99,22.47,0.63,941,Sensor1
21.27,18.75,0.01,942,Sensor3
13.14,1.71,-0.27,943,Sensor2
11.82,12.53,0.26,944,Sensor2
23.62,19.58,-0.86,945,Sensor1
-6.52,17.02,-0.88,946,Sensor2
15.31,13.94,-0.87,947,Sensor1
18.37,11.33,-0.01,948,Sensor2
7.75,11.31,-0.17,949,Sensor2
12.21,2.01,-0.46,950,Sensor1
7.42,13.65,-0.49,951,Sensor1
6.25,12.86,-0.69,952,Sensor3
13.18,11.76,-0.83,953,Sensor2
13.78,-3.43,-0.53,954,Sensor1
18.43,21.43,-0.63,955,Sensor3
10.43,-1.66,0.17,956,Sensor2
12.23,22.97,-0.84,957,Sensor2
21.49,8.39,-0.37,958,Sensor3
17.40,9.73,-0.53,959,Sensor2
26.97,-2.31,-0.94,960,Sensor1
24.33,11.08,0.50,961,Sensor2
21.99,-3.35,0.54,962,Sensor2
-6.62,10.94,0.56,963,Sensor2
18.86,22.17,-0.83,964,Sensor1
-2.68,7.59,0.22,965,Sensor1
28.09,15.22,0.99,966,Sensor3
8.16,16.95,-0.15,967,Sensor3
4.06,-4.41,-0.37,968,Sensor2
24.48,-3.68,-0.59,969,Sensor1
4.88,4.29,-0.63,970,Sensor1
-6.88,1.58,0.30,971,Sensor2
26.58,19.54,0.42,972,Sensor2
23.44,-0.82,0.61,973,Sensor2
2.27,20.96,0.97,974,Sensor3
18.48,8.99,0.30,975,Sensor3
7.68,22.70,0.91,976,Sensor2
17.33,11.32,-0.31,977,Sensor3
0.98,21.91,0.83,978,Sensor2
-9.51,6.10,-0.30,979,Sensor2
-3.61,6.62,-0.76,980,Sensor2
-2.24,20.92,-0.34,981,Sensor1
-4.31,12.84,-0.32,982,Sensor1
-7.11,21.25,-0.11,983,Sensor3
26.22,3.61,-0.80,984,Sensor1
-4.58,1.98,0.46,985,Sensor3
7.05,1.70,0.92,986,Sensor2
28.40,16.61,-0.99,987,Sensor1
-4.64,21.65,-0.62,988,Sensor2
12.77,3.33,0.51,989,Sensor2
-6.69,22.03,-0.31,990,Sensor2
18.82,4.47,0.52,991,Sensor3
28.36,12.22,-0.93,992,Sensor3
-9.53,9.36,0.38,993,Sensor1
18.31,14.39,-0.62,994,Sensor2
-6.82,7.66,-0.67,995,Sensor2
3.17,3.56,0.87,996,Sensor1
12.83,-1.29,0.93,997,Sensor2
12.90,11.19,0.79,998,Sensor2
15.55,-3.56,0.09,999,Sensor2
-8.33,-2.43,0.47,1000,Sensor1
11.92,8.59,-0.14,1001,Sensor3
